XS0: 39795.5
YS0: 27476.5
ZS0: 7572.69
fa: -0.00398693
w: 0.00211391
ka: -0.067578
